13.5
43.0
72.5
103.0
133.5
164.0
194.5
225.5
256.0
286.5
317.0
347.5
378.5
408.0
437.5
468.0
498.5
529.0
559.5
590.5
621.0
651.5
682.0
712.5
743.5
773.5
803.5
834.0
864.5
895.0
925.5
956.5
987.0
1017.5
1048.0
1078.5
1109.5
1139.0
1168.5
1199.0
1229.5
1260.0
1290.5
1321.5
1352.0
1382.5
1413.0
1443.5
1474.5
1504.0
1533.5
1564.0
1594.5
1625.0
1655.5
1686.5
1717.0
1747.5
1778.0
1808.5
1839.5
1869.0
1898.5
1929.0
1959.5
1990.0
2020.5
2051.5
2082.0
2112.5
2143.0
2173.5
2204.5
2234.5
2264.5
2295.0
2325.5
2356.0
2386.5
2417.5
2448.0
2478.5
2509.0
2539.5
2570.5
2600.0
2629.5
2660.0
2690.5
2721.0
2751.5
2782.5
2813.0
2843.5
2874.0
2904.5
2935.5
2965.0
2994.5
3025.0
3055.5
3086.0
3116.5
3147.5
3178.0
3208.5
3239.0
3269.5
3300.5
3330.0
3359.5
3390.0
3420.5
3451.0
3481.5
3512.5
3543.0
3573.5
3604.0
3634.5
3665.5
3695.5
3725.5
3756.0
3786.5
3817.0
3847.5
3878.5
3909.0
3939.5
3970.0
4000.5
4031.5
4061.0
4090.5
4121.0
4151.5
4182.0
4212.5
4243.5
4274.0
4304.5
4335.0
4365.5
4396.5
4426.0
4455.5
4486.0
4516.5
4547.0
4577.5
4608.5
4639.0
4669.5
4700.0
4730.5
4761.5
4791.0
4820.5
4851.0
4881.5
4912.0
4942.5
4973.5
5004.0
5034.5
5065.0
5095.5
5126.5
5156.5
5186.5
5217.0
5247.5
5278.0
5308.5
5339.5
5370.0
5400.5
5431.0
5461.5
5492.5
5522.0
5551.5
5582.0
5612.5
5643.0
5673.5
5704.5
5735.0
5765.5
5796.0
5826.5
5857.5
5887.0
5916.5
5947.0
5977.5
6008.0
6038.5
6069.5
6100.0
6130.5
6161.0
6191.5
6222.5
6252.0
6281.5
6312.0
6342.5
6373.0
6403.5
6434.5
6465.0
6495.5
6526.0
6556.5
6587.5
6617.5
6647.5
6678.0
6708.5
6739.0
6769.5
6800.5
6831.0
6861.5
6892.0
6922.5
6953.5
6983.0
7012.5
7043.0
7073.5
7104.0
7134.5
7165.5
7196.0
7226.5
7257.0
7287.5
7318.5
7348.0
7377.5
7408.0
7438.5
7469.0
7499.5
7530.5
7561.0
7591.5
7622.0
7652.5
7683.5
7713.0
7742.5
7773.0
7803.5
7834.0
7864.5
7895.5
7926.0
7956.5
7987.0
8017.5
8048.5
8078.5
8108.5
8139.0
8169.5
8200.0
8230.5
8261.5
8292.0
8322.5
8353.0
8383.5
8414.5
8444.0
8473.5
8504.0
8534.5
8565.0
8595.5
8626.5
8657.0
8687.5
8718.0
8748.5
8779.5
8809.0
8838.5
8869.0
8899.5
8930.0
8960.5
8991.5
9022.0
9052.5
9083.0
9113.5
9144.5
9174.0
9203.5
9234.0
9264.5
9295.0
9325.5
9356.5
9387.0
9417.5
9448.0
9478.5
9509.5
9539.5
9569.5
9600.0
9630.5
9661.0
9691.5
9722.5
9753.0
9783.5
9814.0
9844.5
9875.5
9905.0
9934.5
9965.0
9995.5
10026.0
10056.5
10087.5
10118.0
10148.5
10179.0
10209.5
10240.5
10270.0
10299.5
10330.0
10360.5
10391.0
10421.5
10452.5
10483.0
10513.5
10544.0
10574.5
10605.5
10635.0
10664.5
10695.0
10725.5
10756.0
10786.5
10817.5
10848.0
10878.5
10909.0
10939.5
10970.5
11000.5
11030.5
11061.0
11091.5
11122.0
11152.5
11183.5
11214.0
11244.5
11275.0
11305.5
11336.5
11366.0
11395.5
11426.0
11456.5
11487.0
11517.5
11548.5
11579.0
11609.5
11640.0
11670.5
11701.5
11731.0
11760.5
11791.0
11821.5
11852.0
11882.5
11913.5
11944.0
11974.5
12005.0
12035.5
12066.5
12096.0
12125.5
12156.0
12186.5
12217.0
12247.5
12278.5
12309.0
12339.5
12370.0
12400.5
12431.5
12461.5
12491.5
12522.0
12552.5
12583.0
12613.5
12644.5
12675.0
12705.5
12736.0
12766.5
12797.5
12827.0
12856.5
12887.0
12917.5
12948.0
12978.5
13009.5
13040.0
13070.5
13101.0
13131.5
13162.5
13192.0
13221.5
13252.0
13282.5
13313.0
13343.5
13374.5
13405.0
13435.5
13466.0
13496.5
13527.5
13557.0
13586.5
13617.0
13647.5
13678.0
13708.5
13739.5
13770.0
13800.5
13831.0
13861.5
13892.5
13922.5
13952.5
13983.0
14013.5
14044.0
14074.5
14105.5
14136.0
14166.5
14197.0
14227.5
14258.5
14288.0
14317.5
14348.0
14378.5
14409.0
14439.5
14470.5
14501.0
14531.5
14562.0
14592.5
14623.5
14653.0
14682.5
14713.0
14743.5
14774.0
14804.5
14835.5
14866.0
14896.5
14927.0
14957.5
14988.5
15018.0
15047.5
15078.0
15108.5
15139.0
15169.5
15200.5
15231.0
15261.5
15292.0
15322.5
15353.5
15383.5
15413.5
15444.0
15474.5
15505.0
15535.5
15566.5
15597.0
15627.5
15658.0
15688.5
15719.5
15749.0
15778.5
15809.0
15839.5
15870.0
15900.5
15931.5
15962.0
15992.5
16023.0
16053.5
16084.5
16114.0
16143.5
16174.0
16204.5
16235.0
16265.5
16296.5
16327.0
16357.5
16388.0
16418.5
16449.5
16479.0
16508.5
16539.0
16569.5
16600.0
16630.5
16661.5
16692.0
16722.5
16753.0
16783.5
16814.5
16844.5
16874.5
16905.0
16935.5
16966.0
16996.5
17027.5
17058.0
17088.5
17119.0
17149.5
17180.5
17210.0
17239.5
17270.0
17300.5
17331.0
17361.5
17392.5
17423.0
17453.5
17484.0
17514.5
17545.5
17575.0
17604.5
17635.0
17665.5
17696.0
17726.5
17757.5
17788.0
17818.5
17849.0
17879.5
17910.5
17940.0
17969.5
18000.0
18030.5
18061.0
18091.5
18122.5
18153.0
18183.5
18214.0
18244.5
18275.5
18305.5
18335.5
18366.0
18396.5
18427.0
18457.5
18488.5
18519.0
18549.5
18580.0
18610.5
18641.5
18671.0
18700.5
18731.0
18761.5
18792.0
18822.5
18853.5
18884.0
18914.5
18945.0
18975.5
19006.5
19036.0
19065.5
19096.0
19126.5
19157.0
19187.5
19218.5
19249.0
19279.5
19310.0
19340.5
19371.5
19401.0
19430.5
19461.0
19491.5
19522.0
19552.5
19583.5
19614.0
19644.5
19675.0
19705.5
19736.5
19766.5
19796.5
19827.0
19857.5
19888.0
19918.5
19949.5
19980.0
20010.5
20041.0
20071.5
20102.5
20132.0
20161.5
20192.0
20222.5
20253.0
20283.5
20314.5
20345.0
20375.5
20406.0
20436.5
20469.5
20499.0
20528.5
20559.0
20589.5
20620.0
20650.5
20681.5
20712.0
20742.5
20773.0
20803.5
20834.5
20864.0
20893.5
20924.0
20954.5
20985.0
21015.5
21046.5
21077.0
21107.5
21138.0
21168.5
21199.5
21229.5
21259.5
21290.0
21320.5
21351.0
21381.5
21412.5
21443.0
21473.5
21504.0
21534.5
21565.5
21595.0
21624.5
21655.0
21685.5
21716.0
21746.5
21777.5
21808.0
21838.5
21869.0
21899.5
21930.5
21960.0
21989.5
22020.0
22050.5
22081.0
22111.5
22142.5
22173.0
22203.5
22234.0
22264.5
22295.5
22325.0
22354.5
22385.0
22415.5
22446.0
22476.5
22507.5
22538.0
22568.5
22599.0
22629.5
22660.5
22690.5
22720.5
22751.0
22781.5
22812.0
22842.5
22873.5
22904.0
22934.5
22965.0
22995.5
23026.5
23056.0
23085.5
23116.0
23146.5
23177.0
23207.5
23238.5
23269.0
23299.5
23330.0
23360.5
23391.5
23421.0
23450.5
23481.0
23511.5
23542.0
23572.5
23603.5
23634.0
23664.5
23695.0
23725.5
23756.5
23786.0
23815.5
23846.0
23876.5
23907.0
23937.5
23968.5
23999.0
24029.5
24060.0
24090.5
24121.5
24151.5
24181.5
24212.0
24242.5
24273.0
24303.5
24334.5
24365.0
24395.5
24426.0
24456.5
24487.5
24517.0
24546.5
24577.0
24607.5
24638.0
24668.5
24699.5
24730.0
24760.5
24791.0
24821.5
24852.5
24882.0
24911.5
24942.0
24972.5
25003.0
25033.5
25064.5
25095.0
25125.5
25156.0
25186.5
25217.5
25247.0
25276.5
25307.0
25337.5
25368.0
25398.5
25429.5
25460.0
25490.5
25521.0
25551.5
25582.5
25612.5
25642.5
25673.0
25703.5
25734.0
25764.5
25795.5
25826.0
25856.5
25887.0
25917.5
25948.5
25978.0
26007.5
26038.0
26068.5
26099.0
26129.5
26160.5
26191.0
26221.5
26252.0
26282.5
26313.5
26343.0
26372.5
26403.0
26433.5
26464.0
26494.5
26525.5
26556.0
26586.5
26617.0
26647.5
26678.5
26708.0
26737.5
26768.0
26798.5
26829.0
26859.5
26890.5
26921.0
26951.5
26982.0
27012.5
27043.5
27073.5
27103.5
27134.0
27164.5
27195.0
27225.5
27256.5
27287.0
27317.5
27348.0
27378.5
27409.5
27439.0
27468.5
27499.0
27529.5
27560.0
27590.5
27621.5
27652.0
27682.5
27713.0
27743.5
27774.5
27804.0
27833.5
27864.0
27894.5
27925.0
27955.5
27986.5
28017.0
28047.5
28078.0
28108.5
28139.5
28169.0
28198.5
28229.0
28259.5
28290.0
28320.5
28351.5
28382.0
28412.5
28443.0
28473.5
28504.5
28534.5
28564.5
28595.0
28625.5
28656.0
28686.5
28717.5
28748.0
28778.5
28809.0
28839.5
28870.5
28900.0
28929.5
28960.0
28990.5
29021.0
29051.5
29082.5
29113.0
29143.5
29174.0
29204.5
29235.5
29265.0
29294.5
29325.0
29355.5
29386.0
29416.5
29447.5
29478.0
29508.5
29539.0
29569.5
29600.5
29630.0
29659.5
29690.0
29720.5
29751.0
29781.5
29812.5
29843.0
29873.5
29904.0
29934.5
29965.5
29995.5
30025.5
30056.0
30086.5
30117.0
30147.5
30178.5
30209.0
30239.5
30270.0
30300.5
30331.5
30361.0
30390.5
30421.0
30451.5
30482.0
30512.5
30543.5
30574.0
30604.5
30635.0
30665.5
30696.5
30726.0
30755.5
30786.0
30816.5
30847.0
30877.5
30908.5
30939.0
30969.5
31000.0
31030.5
31061.5
31091.0
31120.5
31151.0
31181.5
31212.0
31242.5
31273.5
31304.0
31334.5
31365.0
31395.5
31426.5
31456.5
31486.5
31517.0
31547.5
31578.0
31608.5
31639.5
31670.0
31700.5
31731.0
31761.5
31792.5
31822.0
31851.5
31882.0
31912.5
31943.0
31973.5
32004.5
32035.0
32065.5
32096.0
32126.5
32157.5
32187.0
32216.5
32247.0
32277.5
32308.0
32338.5
32369.5
32400.0
32430.5
32461.0
32491.5
32522.5
32552.0
32581.5
32612.0
32642.5
32673.0
32703.5
32734.5
32765.0
32795.5
32826.0
32856.5
32887.5
32917.5
32947.5
32978.0
33008.5
33039.0
33069.5
33100.5
33131.0
33161.5
33192.0
33222.5
33253.5
33283.0
33312.5
33343.0
33373.5
33404.0
33434.5
33465.5
33496.0
33526.5
33557.0
33587.5
33618.5
33648.0
33677.5
33708.0
33738.5
33769.0
33799.5
33830.5
33861.0
33891.5
33922.0
33952.5
33983.5
34013.0
34042.5
34073.0
34103.5
34134.0
34164.5
34195.5
34226.0
34256.5
34287.0
34317.5
34348.5
34378.5
34408.5
34439.0
34469.5
34500.0
34530.5
34561.5
34592.0
34622.5
34653.0
34683.5
34714.5
34744.0
34773.5
34804.0
34834.5
34865.0
34895.5
34926.5
34957.0
34987.5
35018.0
35048.5
35079.5
35109.0
35138.5
35169.0
35199.5
35230.0
35260.5
35291.5
35322.0
35352.5
35383.0
35413.5
35444.5
35474.0
35503.5
35534.0
35564.5
35595.0
35625.5
35656.5
35687.0
35717.5
35748.0
35778.5
35809.5
35839.5
35869.5
35900.0
35930.5
35961.0
35991.5
36022.5
36053.0
36083.5
36114.0
36144.5
36175.5
36205.0
36234.5
36265.0
36295.5
36326.0
36356.5
36387.5
36418.0
36448.5
36479.0
36509.5
36540.5
36570.0
36599.5
36630.0
36660.5
36691.0
36721.5
36752.5
36783.0
36813.5
36844.0
36874.5
36905.5
36935.0
36964.5
36995.0
37025.5
37056.0
37086.5
37117.5
37148.0
37178.5
37209.0
37239.5
37270.5
37300.5
37330.5
37361.0
37391.5
37422.0
37452.5
37483.5
37514.0
37544.5
37575.0
37605.5
37636.5
37666.0
37695.5
37726.0
37756.5
37787.0
37817.5
37848.5
37879.0
37909.5
37940.0
37970.5
38001.5
38031.0
38060.5
38091.0
38121.5
38152.0
38182.5
38213.5
38244.0
38274.5
38305.0
38335.5
38366.5
38396.0
38425.5
38456.0
38486.5
38517.0
38547.5
38578.5
38609.0
38639.5
38670.0
38700.5
38731.5
38761.5
38791.5
38822.0
38852.5
38883.0
38913.5
38944.5
38975.0
39005.5
39036.0
39066.5
39097.5
39127.0
39156.5
39187.0
39217.5
39248.0
39278.5
39309.5
39340.0
39370.5
39401.0
39431.5
39462.5
39492.0
39521.5
39552.0
39582.5
39613.0
39643.5
39674.5
39705.0
39735.5
39766.0
39796.5
39827.5
39857.0
39886.5
39917.0
39947.5
39978.0
40008.5
40039.5
40070.0
40100.5
40131.0
40161.5
40192.5
40222.5
40252.5
40283.0
40313.5
40344.0
40374.5
40405.5
40436.0
40466.5
40497.0
40527.5
40558.5
40588.0
40617.5
40648.0
40678.5
40709.0
40739.5
40770.5
40801.0
40831.5
40862.0
40892.5
40923.5
40953.0
40982.5
41013.0
41043.5
41074.0
41104.5
41135.5
41166.0
41196.5
41227.0
41257.5
41288.5
41318.0
41347.5
41378.0
41408.5
41439.0
41469.5
41500.5
41531.0
41561.5
41592.0
41622.5
41653.5
41683.5
41713.5
41744.0
41774.5
41805.0
41835.5
41866.5
41897.0
41927.5
41958.0
41988.5
42019.5
42049.0
42078.5
42109.0
42139.5
42170.0
42200.5
42231.5
42262.0
42292.5
42323.0
42353.5
42384.5
42414.0
42443.5
42474.0
42504.5
42535.0
42565.5
42596.5
42627.0
42657.5
42688.0
42718.5
42749.5
42779.0
42808.5
42839.0
42869.5
42900.0
42930.5
42961.5
42992.0
43022.5
43053.0
43083.5
43114.5
43144.5
43174.5
43205.0
43235.5
43266.0
43296.5
43327.5
43358.0
43388.5
43419.0
43449.5
43480.5
43510.0
43539.5
43570.0
43600.5
43631.0
43661.5
43692.5
43723.0
43753.5
43784.0
43814.5
43845.5
43875.0
43904.5
43935.0
43965.5
43996.0
44026.5
44057.5
44088.0
44118.5
44149.0
44179.5
44210.5
44240.0
44269.5
44300.0
44330.5
44361.0
44391.5
44422.5
44453.0
44483.5
44514.0
44544.5
44575.5
44605.5
44635.5
44666.0
44696.5
44727.0
44757.5
44788.5
44819.0
44849.5
44880.0
44910.5
44941.5
44971.0
45000.5
45031.0
45061.5
45092.0
45122.5
45153.5
45184.0
45214.5
45245.0
45275.5
45306.5
45336.0
45365.5
45396.0
45426.5
45457.0
45487.5
45518.5
45549.0
45579.5
45610.0
45640.5
45671.5
45701.0
45730.5
45761.0
45791.5
45822.0
45852.5
45883.5
45914.0
45944.5
45975.0
46005.5
46036.5
46066.5
46096.5
46127.0
46157.5
46188.0
46218.5
46249.5
46280.0
46310.5
46341.0
46371.5
46402.5
46432.0
46461.5
46492.0
46522.5
46553.0
46583.5
46614.5
46645.0
46675.5
46706.0
46736.5
46767.5
46797.0
46826.5
46857.0
46887.5
46918.0
46948.5
46979.5
47010.0
47040.5
47071.0
47101.5
47132.5
47162.0
47191.5
47222.0
47252.5
47283.0
47313.5
47344.5
47375.0
47405.5
47436.0
47466.5
47497.5
47527.5
47557.5
47588.0
47618.5
47649.0
47679.5
47710.5
47741.0
47771.5
47802.0
47832.5
47863.5
47893.0
47922.5
47953.0
47983.5
48014.0
48044.5
48075.5
48106.0
48136.5
48167.0
48197.5
48228.5
48258.0
48287.5
48318.0
48348.5
48379.0
48409.5
48440.5
48471.0
48501.5
48532.0
48562.5
48593.5
48623.0
48652.5
48683.0
48713.5
48744.0
48774.5
48805.5
48836.0
48866.5
48897.0
48927.5
48958.5
48988.5
49018.5
49049.0
49079.5
49110.0
49140.5
49171.5
49202.0
49232.5
49263.0
49293.5
49324.5
49354.0
49383.5
49414.0
49444.5
49475.0
49505.5
49536.5
49567.0
49597.5
49628.0
49658.5
49689.5
49719.0
49748.5
49779.0
49809.5
49840.0
49870.5
49901.5
49932.0
49962.5
49993.0
50023.5
50054.5
50084.0
50113.5
50144.0
50174.5
50205.0
50235.5
50266.5
50297.0
50327.5
50358.0
50388.5
50419.5
50449.5
50479.5
50510.0
50540.5
50571.0
50601.5
50632.5
50663.0
50693.5
50724.0
50754.5
50785.5
50815.0
50844.5
50875.0
50905.5
50936.0
50966.5
50997.5
51028.0
51058.5
51089.0
51119.5
51150.5
51180.0
51209.5
51240.0
51270.5
51301.0
51331.5
51362.5
51393.0
51423.5
51454.0
51484.5
51515.5
51545.0
51574.5
51605.0
51635.5
51666.0
51696.5
51727.5
51758.0
51788.5
51819.0
51849.5
51880.5
51910.5
51940.5
51971.0
52001.5
52032.0
52062.5
52093.5
52124.0
52154.5
52185.0
52215.5
52246.5
52276.0
52305.5
52336.0
52366.5
52397.0
52427.5
52458.5
52489.0
52519.5
52550.0
52580.5
52611.5
52641.0
52670.5
52701.0
52731.5
52762.0
52792.5
52823.5
52854.0
52884.5
52915.0
52945.5
52976.5
53006.0
53035.5
53066.0
53096.5
53127.0
53157.5
53188.5
53219.0
53249.5
53280.0
53310.5
53341.5
53371.5
53401.5
53432.0
53462.5
53493.0
53523.5
53554.5
53585.0
53615.5
53646.0
53676.5
53707.5
53737.0
53766.5
53797.0
53827.5
53858.0
53888.5
53919.5
53950.0
53980.5
54011.0
54041.5
54072.5
54102.0
54131.5
54162.0
54192.5
54223.0
54253.5
54284.5
54315.0
54345.5
54376.0
54406.5
54437.5
54467.0
54496.5
54527.0
54557.5
54588.0
54618.5
54649.5
54680.0
54710.5
54741.0
54771.5
