 WARNING:

AD_TERM SHORTAGES and/or RELAXATIONS larger than 0.01 OCCUR!

YYYY	MM	Kswck	RedBlf	Wilkns	SacFea	SacAme	YoloBP	Therm	YubFea	Nimbus	Hst	ANN_RL	MRDO_RL	PosSum	NegSum	
1944	6	0.0	0.0	0.0	0.0	0.0	1.67	0.0	0.0	0.0	0.0	0.0	0.0	1.67	0.0	
1945	12	0.0	0.0	0.0	0.0	0.0	0.0	0.0	0.0	6.73	59.44	0.0	0.0	66.17	0.0	
1946	3	8.76	0.0	0.0	0.0	0.0	0.0	0.0	0.0	0.0	0.0	0.0	0.0	8.76	0.0	
1960	2	10.04	0.0	0.0	0.0	0.0	0.0	0.0	0.0	0.0	0.0	0.0	0.0	10.04	0.0	
1960	12	0.0	0.0	0.0	0.0	0.0	0.0	0.0	0.0	6.78	59.44	0.0	0.0	66.22	0.0	
1961	1	7.96	0.0	0.0	0.0	0.0	0.0	0.0	0.0	0.0	0.0	0.0	0.0	7.96	0.0	
1961	2	9.84	0.0	0.0	0.0	0.0	0.0	0.0	0.0	0.0	0.0	0.0	0.0	9.84	0.0	
